<?xml version="1.0"?>
<opencv_storage>
<D1 type_id="opencv-matrix">
  <rows>1</rows>
  <cols>5</cols>
  <dt>d</dt>
  <data>
    2.7133200821288162e-02 -7.5562417096699452e-01 0. 0.
    2.4574971110757491e+00</data></D1>
</opencv_storage>
