<?xml version="1.0"?>
<opencv_storage>
<D2 type_id="opencv-matrix">
  <rows>1</rows>
  <cols>5</cols>
  <dt>d</dt>
  <data>
    2.0150887301187595e-01 -2.3919519347602516e+00 0. 0.
    6.5982238845200589e+00</data></D2>
</opencv_storage>
