<?xml version="1.0"?>
<opencv_storage>
<M1 type_id="opencv-matrix">
  <rows>3</rows>
  <cols>3</cols>
  <dt>d</dt>
  <data>
    3.2701079956537978e+02 0. 1.5880461869113245e+02 0.
    3.2701079956537978e+02 1.1870394373755532e+02 0. 0. 1.</data></M1>
</opencv_storage>
