<?xml version="1.0"?>
<opencv_storage>
<M1 type_id="opencv-matrix">
  <rows>3</rows>
  <cols>3</cols>
  <dt>d</dt>
  <data>
    6.9632645555997351e+02 0. 3.5115564635902211e+02 0.
    6.9632645555997351e+02 2.4275290824980618e+02 0. 0. 1.</data></M1>
</opencv_storage>
