<?xml version="1.0"?>
<opencv_storage>
<M2 type_id="opencv-matrix">
  <rows>3</rows>
  <cols>3</cols>
  <dt>d</dt>
  <data>
    6.9632645555997351e+02 0. 3.3798029503987482e+02 0.
    6.9632645555997351e+02 2.3695383917126892e+02 0. 0. 1.</data></M2>
</opencv_storage>
