<?xml version="1.0"?>
<opencv_storage>
<P2 type_id="opencv-matrix">
  <rows>3</rows>
  <cols>4</cols>
  <dt>d</dt>
  <data>
    6.9632645555997351e+02 0. 3.4880469512939453e+02
    7.6660131592521138e+03 0. 6.9632645555997351e+02
    2.4007851409912109e+02 0. 0. 0. 1. 0.</data></P2>
</opencv_storage>
