<?xml version="1.0"?>
<opencv_storage>
<Q type_id="opencv-matrix">
  <rows>4</rows>
  <cols>4</cols>
  <dt>d</dt>
  <data>
    1. 0. 0. -1.5712721824645996e+02 0. 1. 0. -1.1849266052246094e+02 0.
    0. 0. 3.2137670580692276e+02 0. 0. -1.2085355538073586e-01 0.</data></Q>
</opencv_storage>
