<?xml version="1.0"?>
<opencv_storage>
<Q type_id="opencv-matrix">
  <rows>4</rows>
  <cols>4</cols>
  <dt>d</dt>
  <data>
    1. 0. 0. -3.4880469512939453e+02 0. 1. 0. -2.4007851409912109e+02 0.
    0. 0. 6.9632645555997351e+02 0. 0. -9.0832932463672703e-02 0.</data></Q>
</opencv_storage>
