<?xml version="1.0"?>
<opencv_storage>
<R1 type_id="opencv-matrix">
  <rows>3</rows>
  <cols>3</cols>
  <dt>d</dt>
  <data>
    9.9988106971896851e-01 -1.2501964772165723e-02
    9.0303540621009641e-03 1.2409417483925662e-02 9.9987063962565481e-01
    1.0232808621948027e-02 -9.1571161050309248e-03
    -1.0119530197558612e-02 9.9990686682971619e-01</data></R1>
</opencv_storage>
