<?xml version="1.0"?>
<opencv_storage>
<R2 type_id="opencv-matrix">
  <rows>3</rows>
  <cols>3</cols>
  <dt>d</dt>
  <data>
    9.9893263773577490e-01 -4.3931766881137452e-02
    -1.4268325933633511e-02 4.3973298824310732e-02
    9.9902929715524180e-01 2.6100605379154678e-03 1.4139811057962446e-02
    -3.2347000177922760e-03 9.9989479569554718e-01</data></R2>
</opencv_storage>
