<?xml version="1.0"?>
<opencv_storage>
<R2 type_id="opencv-matrix">
  <rows>3</rows>
  <cols>3</cols>
  <dt>d</dt>
  <data>
    9.9959784869121160e-01 -2.6471557613056583e-03
    -2.8233551995402558e-02 2.3596718185679073e-03
    9.9994508411652938e-01 -1.0210812900819204e-02
    2.8259031137149240e-02 1.0140084692065713e-02 9.9954920131108471e-01</data></R2>
</opencv_storage>
