<?xml version="1.0"?>
<opencv_storage>
<D1 type_id="opencv-matrix">
  <rows>1</rows>
  <cols>5</cols>
  <dt>d</dt>
  <data>
    -3.8027065042192637e-02 3.6845965669921331e-04 0. 0.
    -9.8509808224123343e-07</data></D1>
</opencv_storage>
