<?xml version="1.0"?>
<opencv_storage>
<D2 type_id="opencv-matrix">
  <rows>1</rows>
  <cols>5</cols>
  <dt>d</dt>
  <data>
    -4.6060237619483801e-02 4.3987999966784314e-04 0. 0.
    -9.0433796000972068e-07</data></D2>
</opencv_storage>
