<?xml version="1.0"?>
<opencv_storage>
<P1 type_id="opencv-matrix">
  <rows>3</rows>
  <cols>4</cols>
  <dt>d</dt>
  <data>
    3.2137670580692276e+02 0. 1.5712721824645996e+02 0. 0.
    3.2137670580692276e+02 1.1849266052246094e+02 0. 0. 0. 1. 0.</data></P1>
</opencv_storage>
