<?xml version="1.0"?>
<opencv_storage>
<R1 type_id="opencv-matrix">
  <rows>3</rows>
  <cols>3</cols>
  <dt>d</dt>
  <data>
    9.9564018788058306e-01 -9.0425021795225796e-02
    2.2889554614496301e-02 9.0491617503035762e-02 9.9589542673086651e-01
    -1.8884327442836193e-03 -2.2624841188422597e-02
    3.9515123533082411e-03 9.9973621626473064e-01</data></R1>
</opencv_storage>
