<?xml version="1.0"?>
<opencv_storage>
<D1 type_id="opencv-matrix">
  <rows>1</rows>
  <cols>5</cols>
  <dt>d</dt>
  <data>
    -1.5389056471897614e-01 1.6667128907039641e+00 0. 0.
    -4.0515136636050597e+00</data></D1>
</opencv_storage>
