<?xml version="1.0"?>
<opencv_storage>
<D2 type_id="opencv-matrix">
  <rows>1</rows>
  <cols>5</cols>
  <dt>d</dt>
  <data>
    1.7546205301745290e+00 -1.7338803589888180e+01 0. 0.
    4.5992604924831241e+01</data></D2>
</opencv_storage>
