<?xml version="1.0"?>
<opencv_storage>
<M1 type_id="opencv-matrix">
  <rows>3</rows>
  <cols>3</cols>
  <dt>d</dt>
  <data>
    2.8192336214352383e+02 0. 1.7405795983244093e+02 0.
    2.8192336214352383e+02 1.3229912976321592e+02 0. 0. 1.</data></M1>
</opencv_storage>
