<?xml version="1.0"?>
<opencv_storage>
<M2 type_id="opencv-matrix">
  <rows>3</rows>
  <cols>3</cols>
  <dt>d</dt>
  <data>
    2.8192336214352383e+02 0. 1.7163858141341467e+02 0.
    2.8192336214352383e+02 1.2944697054843402e+02 0. 0. 1.</data></M2>
</opencv_storage>
