<?xml version="1.0"?>
<opencv_storage>
<P1 type_id="opencv-matrix">
  <rows>3</rows>
  <cols>4</cols>
  <dt>d</dt>
  <data>
    2.6008897941640066e+02 0. 1.1486827173829079e+02 0. 0.
    2.6008897941640066e+02 1.2441492342948914e+02 0. 0. 0. 1. 0.</data></P1>
</opencv_storage>
