<?xml version="1.0"?>
<opencv_storage>
<P2 type_id="opencv-matrix">
  <rows>3</rows>
  <cols>4</cols>
  <dt>d</dt>
  <data>
    2.6008897941640066e+02 0. 1.1486827173829079e+02
    2.8255416629026218e+04 0. 2.6008897941640066e+02
    1.2441492342948914e+02 0. 0. 0. 1. 0.</data></P2>
</opencv_storage>
