<?xml version="1.0"?>
<opencv_storage>
<Q type_id="opencv-matrix">
  <rows>4</rows>
  <cols>4</cols>
  <dt>d</dt>
  <data>
    1. 0. 0. -1.1486827173829079e+02 0. 1. 0. -1.2441492342948914e+02 0.
    0. 0. 2.6008897941640066e+02 0. 0. -9.2049245930855075e-03 0.</data></Q>
</opencv_storage>
