<?xml version="1.0"?>
<opencv_storage>
<R1 type_id="opencv-matrix">
  <rows>3</rows>
  <cols>3</cols>
  <dt>d</dt>
  <data>
    9.8523024937174797e-01 -2.3180082694069237e-03
    1.7121910687930306e-01 2.5706101111834679e-03 9.9999591018931411e-01
    -1.2536220729045158e-03 -1.7121550071923836e-01
    1.6752439548774242e-03 9.8523217866204116e-01</data></R1>
</opencv_storage>
