<?xml version="1.0"?>
<opencv_storage>
<R2 type_id="opencv-matrix">
  <rows>3</rows>
  <cols>3</cols>
  <dt>d</dt>
  <data>
    9.9082244702103939e-01 -2.7318493238091383e-02
    1.3238043060226015e-01 2.7123433514995521e-02 9.9962672117919005e-01
    3.2768367215253742e-03 -1.3242053403304593e-01
    3.4384842921675101e-04 9.9119356532145664e-01</data></R2>
</opencv_storage>
