<?xml version="1.0"?>
<opencv_storage>
<D1 type_id="opencv-matrix">
  <rows>1</rows>
  <cols>5</cols>
  <dt>d</dt>
  <data>
    2.7084627091289213e+00 -3.2693824926823559e+01 0. 0.
    1.0791263843618319e+02</data></D1>
</opencv_storage>
