<?xml version="1.0"?>
<opencv_storage>
<D2 type_id="opencv-matrix">
  <rows>1</rows>
  <cols>5</cols>
  <dt>d</dt>
  <data>
    -3.1709039817351803e-01 2.9110329742324565e+00 0. 0.
    -6.7551657184859906e+00</data></D2>
</opencv_storage>
