<?xml version="1.0"?>
<opencv_storage>
<M1 type_id="opencv-matrix">
  <rows>3</rows>
  <cols>3</cols>
  <dt>d</dt>
  <data>
    2.9762037588499118e+02 0. 1.7531328144098302e+02 0.
    2.9762037588499118e+02 1.3170004655543829e+02 0. 0. 1.</data></M1>
</opencv_storage>
