<?xml version="1.0"?>
<opencv_storage>
<M2 type_id="opencv-matrix">
  <rows>3</rows>
  <cols>3</cols>
  <dt>d</dt>
  <data>
    2.9762037588499118e+02 0. 1.7821600808291882e+02 0.
    2.9762037588499118e+02 1.3265073830280869e+02 0. 0. 1.</data></M2>
</opencv_storage>
