<?xml version="1.0"?>
<opencv_storage>
<P2 type_id="opencv-matrix">
  <rows>3</rows>
  <cols>4</cols>
  <dt>d</dt>
  <data>
    2.5500361656794081e+02 0. 3.0413928508758545e+01
    -2.8503609920758521e+04 0. 2.5500361656794081e+02
    1.2310747948288918e+02 0. 0. 0. 1. 0.</data></P2>
</opencv_storage>
