<?xml version="1.0"?>
<opencv_storage>
<Q type_id="opencv-matrix">
  <rows>4</rows>
  <cols>4</cols>
  <dt>d</dt>
  <data>
    1. 0. 0. -3.0413928508758545e+01 0. 1. 0. -1.2310747948288918e+02 0.
    0. 0. 2.5500361656794081e+02 0. 0. 8.9463621371771423e-03 0.</data></Q>
</opencv_storage>
