<?xml version="1.0"?>
<opencv_storage>
<R1 type_id="opencv-matrix">
  <rows>3</rows>
  <cols>3</cols>
  <dt>d</dt>
  <data>
    9.7504716010187031e-01 -2.6615734841862505e-02
    2.2039654769552411e-01 2.5728635715824070e-02 9.9964518444858486e-01
    6.8951079003191683e-03 -2.2050186593650450e-01
    -1.0525528881188354e-03 9.7538598475215821e-01</data></R1>
</opencv_storage>
