<?xml version="1.0"?>
<opencv_storage>
<R2 type_id="opencv-matrix">
  <rows>3</rows>
  <cols>3</cols>
  <dt>d</dt>
  <data>
    9.6666199951906795e-01 -7.2025989166941084e-04
    2.5605479864959768e-01 1.7528219836179157e-03 9.9999122706977439e-01
    -3.8043920119555878e-03 -2.5604981214773687e-01
    4.1263796693151869e-03 9.6665478154816642e-01</data></R2>
</opencv_storage>
