<?xml version="1.0"?>
<opencv_storage>
<D1 type_id="opencv-matrix">
  <rows>1</rows>
  <cols>12</cols>
  <dt>d</dt>
  <data>
    -7.1972675926816665e-02 -9.5229203614055388e-02 0. 0. 0. 0. 0.
    -4.0545209119819453e-01 0. 0. 0. 0.</data></D1>
</opencv_storage>
