<?xml version="1.0"?>
<opencv_storage>
<D2 type_id="opencv-matrix">
  <rows>1</rows>
  <cols>12</cols>
  <dt>d</dt>
  <data>
    1.4489006379700292e-01 -2.0769641621226547e+00 0. 0. 0. 0. 0.
    -5.9326292313062767e+00 0. 0. 0. 0.</data></D2>
</opencv_storage>
