%YAML:1.0
M1: !!opencv-matrix
   rows: 3
   cols: 3
   dt: d
   data: [ 1.9212088412112547e+02, 0., 1.7610344781270223e+02, 0.,
       1.9212088412112547e+02, 1.4387574749419940e+02, 0., 0., 1. ]
D1: !!opencv-matrix
   rows: 1
   cols: 5
   dt: d
   data: [ 4.5981073936863653e-01, -2.2691684233140625e+00, 0., 0.,
       2.1021484719925345e+00 ]
M2: !!opencv-matrix
   rows: 3
   cols: 3
   dt: d
   data: [ 1.9212088412112547e+02, 0., 1.8823818011621987e+02, 0.,
       1.9212088412112547e+02, 1.3956323191863171e+02, 0., 0., 1. ]
D2: !!opencv-matrix
   rows: 1
   cols: 5
   dt: d
   data: [ -1.9830783393411533e-01, 2.6181105868617865e-01, 0., 0.,
       -1.6682606064668179e-01 ]
