<?xml version="1.0"?>
<opencv_storage>
<M1 type_id="opencv-matrix">
  <rows>3</rows>
  <cols>3</cols>
  <dt>d</dt>
  <data>
    7.1471659314456770e+02 0. 3.6814419669121287e+02 0.
    7.1471659314456770e+02 2.4137155679639173e+02 0. 0. 1.</data></M1>
</opencv_storage>
