<?xml version="1.0"?>
<opencv_storage>
<M2 type_id="opencv-matrix">
  <rows>3</rows>
  <cols>3</cols>
  <dt>d</dt>
  <data>
    7.1471659314456770e+02 0. 3.2692831794346421e+02 0.
    7.1471659314456770e+02 2.2977493610707737e+02 0. 0. 1.</data></M2>
</opencv_storage>
