<?xml version="1.0"?>
<opencv_storage>
<P1 type_id="opencv-matrix">
  <rows>3</rows>
  <cols>4</cols>
  <dt>d</dt>
  <data>
    6.6942654567422994e+02 0. 3.5636366653442383e+02 0. 0.
    6.6942654567422994e+02 2.3644620323181152e+02 0. 0. 0. 1. 0.</data></P1>
</opencv_storage>
