<?xml version="1.0"?>
<opencv_storage>
<Q type_id="opencv-matrix">
  <rows>4</rows>
  <cols>4</cols>
  <dt>d</dt>
  <data>
    1. 0. 0. -3.5636366653442383e+02 0. 1. 0. -2.3644620323181152e+02 0.
    0. 0. 6.6942654567422994e+02 0. 0. -9.0222687144339508e-02 0.</data></Q>
</opencv_storage>
