<?xml version="1.0"?>
<opencv_storage>
<R type_id="opencv-matrix">
  <rows>3</rows>
  <cols>3</cols>
  <dt>d</dt>
  <data>
    9.9720313465747812e-01 -1.0260432634962872e-02
    7.4031289002981365e-02 8.2145959222563302e-03 9.9957734182999147e-01
    2.7886522083658605e-02 -7.4286126855110768e-02
    -2.7200390111756088e-02 9.9686594391354078e-01</data></R>
</opencv_storage>
