<?xml version="1.0"?>
<opencv_storage>
<R1 type_id="opencv-matrix">
  <rows>3</rows>
  <cols>3</cols>
  <dt>d</dt>
  <data>
    9.9961783912412217e-01 -1.1282224796017478e-02
    2.5236622366563988e-02 1.0929453700712037e-02 9.9984123530564628e-01
    1.4073067337399880e-02 -2.5391391191197481e-02
    -1.3791866665942214e-02 9.9958244365697235e-01</data></R1>
</opencv_storage>
