<?xml version="1.0"?>
<opencv_storage>
<R2 type_id="opencv-matrix">
  <rows>3</rows>
  <cols>3</cols>
  <dt>d</dt>
  <data>
    9.9880610282547977e-01 -2.3622380195060500e-03
    -4.8793327311388732e-02 1.6819291651460361e-03
    9.9990087418772455e-01 -1.3979016879144797e-02
    4.8821512398332600e-02 1.3880260450120680e-02 9.9871106847625168e-01</data></R2>
</opencv_storage>
