<?xml version="1.0"?>
<opencv_storage>
<T type_id="opencv-matrix">
  <rows>3</rows>
  <cols>1</cols>
  <dt>d</dt>
  <data>
    1.1070453944999173e+01 -2.6182306183491721e-02
    -5.4080995430047629e-01</data></T>
</opencv_storage>
